dandiset_version: 3e6abe57a5f3d1921b7de26f98ff226be870ae08
last_run: 2023-03-04 01:38:19.222463-05:00
last_run_duration: 0.007975
last_run_ended: 2023-03-04 01:38:19.230438-05:00
nassets: 0
tests: []
untested: []
versions:
  hdmf: 3.5.1
  matnwb: v2.6.0.0
  pynwb: 2.2.0
