dandiset_version: 5bf89ba4d67659ccebcceb465d0ef19154d781bc
last_run: 2023-02-07 14:33:09.587587-05:00
last_run_duration: 0.012898
last_run_ended: 2023-02-07 14:33:09.600485-05:00
nassets: 0
tests: []
untested: []
versions:
  hdmf: 3.5.1
  matnwb: v2.6.0.0
  pynwb: 2.2.0
