dandiset_version: 703f047eca37cdf2099ee87d4efc62187f1ae076
last_run: 2023-02-13 21:04:01.512787-05:00
last_run_duration: 0.022094
last_run_ended: 2023-02-13 21:04:01.534881-05:00
nassets: 0
tests: []
untested: []
versions:
  hdmf: 3.5.1
  matnwb: v2.6.0.0
  pynwb: 2.2.0
