dandiset_version: 7c2271be9e2b4718d9150a22390d7282c0c72154
last_run: 2023-02-15 06:54:46.041414-05:00
last_run_duration: 0.026087
last_run_ended: 2023-02-15 06:54:46.067501-05:00
nassets: 0
tests: []
untested: []
versions:
  hdmf: 3.5.1
  matnwb: v2.6.0.0
  pynwb: 2.2.0
