dandiset_version: 78bac2e021ed7e70ae22b294de39e037b64ea20f
last_run: 2023-02-14 19:15:12.041621-05:00
last_run_duration: 0.011001
last_run_ended: 2023-02-14 19:15:12.052622-05:00
nassets: 0
tests: []
untested: []
versions:
  hdmf: 3.5.1
  matnwb: v2.6.0.0
  pynwb: 2.2.0
