dandiset_version: 1fdc9f9a195aaa69df1b0be973eab3fe3c1cfaba
last_run: 2023-02-15 02:11:48.921313-05:00
last_run_duration: 0.069422
last_run_ended: 2023-02-15 02:11:48.990735-05:00
nassets: 0
tests: []
untested: []
versions:
  hdmf: 3.5.1
  matnwb: v2.6.0.0
  pynwb: 2.2.0
