dandiset_version: 50162a2d1a4c326bcd455066322d6e46e97b1804
last_run: 2023-02-13 21:04:01.638381-05:00
last_run_duration: 0.002988
last_run_ended: 2023-02-13 21:04:01.641369-05:00
nassets: 0
tests: []
untested: []
versions:
  hdmf: 3.5.1
  matnwb: v2.6.0.0
  pynwb: 2.2.0
