dandiset_version: 5f51c7ba9ce7bc3a05d9cf5243494b66023bc75d
last_run: 2023-02-12 18:25:43.530987-05:00
last_run_duration: 0.00244
last_run_ended: 2023-02-12 18:25:43.533427-05:00
nassets: 0
tests: []
untested: []
versions:
  hdmf: 3.5.1
  matnwb: v2.6.0.0
  pynwb: 2.2.0
