dandiset_version: 2b7ffbfd5b2360de18c487d5309e23908fbb3e88
last_run: 2023-02-13 21:04:01.560688-05:00
last_run_duration: 0.020989
last_run_ended: 2023-02-13 21:04:01.581677-05:00
nassets: 0
tests: []
untested: []
versions:
  hdmf: 3.5.1
  matnwb: v2.6.0.0
  pynwb: 2.2.0
