dandiset_version: 81c1e38a6429a16a9e173ca49d9f1b55ec61d75e
last_run: 2023-02-12 16:51:42.258733-05:00
last_run_duration: 0.059018
last_run_ended: 2023-02-12 16:51:42.317751-05:00
nassets: 0
tests: []
untested: []
versions:
  hdmf: 3.5.1
  matnwb: v2.6.0.0
  pynwb: 2.2.0
