dandiset_version: 594e3edcddd04567e9c60ec9497c3216feb9a73d
last_run: 2023-02-26 18:48:43.417233-05:00
last_run_duration: 0.010004
last_run_ended: 2023-02-26 18:48:43.427237-05:00
nassets: 0
tests: []
untested: []
versions:
  hdmf: 3.5.1
  matnwb: v2.6.0.0
  pynwb: 2.2.0
