dandiset_version: 78ad9577337253a86b731128a04c98ed5680d713
last_run: 2023-02-08 20:14:59.123436-05:00
last_run_duration: 0.149244
last_run_ended: 2023-02-08 20:14:59.272680-05:00
nassets: 0
tests: []
untested: []
versions:
  hdmf: 3.5.1
  matnwb: v2.6.0.0
  pynwb: 2.2.0
