dandiset_version: 8f35c5f9dfd230011f9824e6eb2b5c177af7b2d1
last_run: 2023-02-07 05:16:46.047778-05:00
last_run_duration: 0.002287
last_run_ended: 2023-02-07 05:16:46.050065-05:00
nassets: 0
tests: []
untested: []
versions:
  hdmf: 3.5.1
  matnwb: v2.6.0.0
  pynwb: 2.2.0
