dandiset_version: 066bace8009a582269d82582210501f3c6c6f8f6
last_run: 2023-02-12 11:41:36.472236-05:00
last_run_duration: 0.044028
last_run_ended: 2023-02-12 11:41:36.516264-05:00
nassets: 0
tests: []
untested: []
versions:
  hdmf: 3.5.1
  matnwb: v2.6.0.0
  pynwb: 2.2.0
