dandiset_version: 89fd4203dc9fda36280947ba5fc94fd66725a3ee
last_run: 2023-02-12 16:43:51.180877-05:00
last_run_duration: 0.002236
last_run_ended: 2023-02-12 16:43:51.183113-05:00
nassets: 0
tests: []
untested: []
versions:
  hdmf: 3.5.1
  matnwb: v2.6.0.0
  pynwb: 2.2.0
