dandiset_version: 2755bb2481cdae75ffe8e0628f58e0b11c5ace0a
last_run: 2023-03-02 06:14:24.028856-05:00
last_run_duration: 0.025043
last_run_ended: 2023-03-02 06:14:24.053899-05:00
nassets: 0
tests: []
untested: []
versions:
  hdmf: 3.5.1
  matnwb: v2.6.0.0
  pynwb: 2.2.0
