dandiset_version: 5c8bd726eb1c0b90941ab5c4781281b894f2df95
last_run: 2023-02-12 16:51:42.320046-05:00
last_run_duration: 0.020387
last_run_ended: 2023-02-12 16:51:42.340433-05:00
nassets: 0
tests: []
untested: []
versions:
  hdmf: 3.5.1
  matnwb: v2.6.0.0
  pynwb: 2.2.0
