dandiset_version: 82e595ff11fc4aaff18561d3a17f2438ad3540a7
last_run: 2023-02-14 19:15:12.076054-05:00
last_run_duration: 0.002437
last_run_ended: 2023-02-14 19:15:12.078491-05:00
nassets: 0
tests: []
untested: []
versions:
  hdmf: 3.5.1
  matnwb: v2.6.0.0
  pynwb: 2.2.0
