dandiset_version: 6af75b1cb9f5262aa5bc3a2fc5acd499d3938a50
last_run: 2023-02-11 19:55:38.257352-05:00
last_run_duration: 0.00264
last_run_ended: 2023-02-11 19:55:38.259992-05:00
nassets: 0
tests: []
untested: []
versions:
  hdmf: 3.5.1
  matnwb: v2.6.0.0
  pynwb: 2.2.0
