dandiset_version: 6d592357a82f4b90df36c99d4e129ca40bc731ee
last_run: 2023-02-15 06:54:45.995739-05:00
last_run_duration: 0.041741
last_run_ended: 2023-02-15 06:54:46.037480-05:00
nassets: 0
tests: []
untested: []
versions:
  hdmf: 3.5.1
  matnwb: v2.6.0.0
  pynwb: 2.2.0
