dandiset_version: 7e01cf7352112c3759f57adb5a468150a637ee37
last_run: 2023-02-07 05:16:46.052227-05:00
last_run_duration: 0.021632
last_run_ended: 2023-02-07 05:16:46.073859-05:00
nassets: 0
tests: []
untested: []
versions:
  hdmf: 3.5.1
  matnwb: v2.6.0.0
  pynwb: 2.2.0
