dandiset_version: 071304a24d5513ee0ce6f3c93914a90e36189f00
last_run: 2023-02-16 20:55:21.319244-05:00
last_run_duration: 0.015145
last_run_ended: 2023-02-16 20:55:21.334389-05:00
nassets: 0
tests: []
untested: []
versions:
  hdmf: 3.5.1
  matnwb: v2.6.0.0
  pynwb: 2.2.0
