dandiset_version: 5724b6ed6f6b764739a0378aa6c7dd5362d5dd4d
last_run: 2023-02-12 18:25:43.433644-05:00
last_run_duration: 0.002285
last_run_ended: 2023-02-12 18:25:43.435929-05:00
nassets: 0
tests: []
untested: []
versions:
  hdmf: 3.5.1
  matnwb: v2.6.0.0
  pynwb: 2.2.0
