dandiset_version: 162e8e30bd604276ada5591f9aa0ec29d5049e82
last_run: 2023-02-12 04:33:39.910233-05:00
last_run_duration: 0.021117
last_run_ended: 2023-02-12 04:33:39.931350-05:00
nassets: 0
tests: []
untested: []
versions:
  hdmf: 3.5.1
  matnwb: v2.6.0.0
  pynwb: 2.2.0
