dandiset_version: 447294fb6fc1f165dae74a4ed806c78fa1dcfdbc
last_run: 2023-02-13 21:04:01.643429-05:00
last_run_duration: 0.016064
last_run_ended: 2023-02-13 21:04:01.659493-05:00
nassets: 0
tests: []
untested: []
versions:
  hdmf: 3.5.1
  matnwb: v2.6.0.0
  pynwb: 2.2.0
