dandiset_version: 467946e1e4d53dff69e1b5c44bd8cfd0c4f6a477
last_run: 2023-02-12 18:25:43.429486-05:00
last_run_duration: 0.00223
last_run_ended: 2023-02-12 18:25:43.431716-05:00
nassets: 0
tests: []
untested: []
versions:
  hdmf: 3.5.1
  matnwb: v2.6.0.0
  pynwb: 2.2.0
