dandiset_version: 414f0f3a93da0afe303d0bfb6953df6ccc63406c
last_run: 2023-02-04 10:06:46.264490-05:00
last_run_duration: 0.033739
last_run_ended: 2023-02-04 10:06:46.298229-05:00
nassets: 0
tests: []
untested: []
versions:
  hdmf: 3.5.1
  matnwb: v2.6.0.0
  pynwb: 2.2.0
