dandiset_version: 51e94e9d8b230a13560836f518cc78a4acb5a5d4
last_run: 2023-02-08 00:21:02.324839-05:00
last_run_duration: 0.010552
last_run_ended: 2023-02-08 00:21:02.335391-05:00
nassets: 0
tests: []
untested: []
versions:
  hdmf: 3.5.1
  matnwb: v2.6.0.0
  pynwb: 2.2.0
