dandiset_version: 5e551e0bb411e589908e3c5581adfb17361d2cd7
last_run: 2023-02-12 04:33:39.884695-05:00
last_run_duration: 0.019115
last_run_ended: 2023-02-12 04:33:39.903810-05:00
nassets: 0
tests: []
untested: []
versions:
  hdmf: 3.5.1
  matnwb: v2.6.0.0
  pynwb: 2.2.0
