dandiset_version: 5f5f5796f45028a935e6395651e4cf585e64bd2f
last_run: 2023-02-07 05:16:46.019372-05:00
last_run_duration: 0.026101
last_run_ended: 2023-02-07 05:16:46.045473-05:00
nassets: 0
tests: []
untested: []
versions:
  hdmf: 3.5.1
  matnwb: v2.6.0.0
  pynwb: 2.2.0
