dandiset_version: 8705e6917358943c4e562045a638617d44cf42ee
last_run: 2023-02-12 16:43:51.158537-05:00
last_run_duration: 0.020091
last_run_ended: 2023-02-12 16:43:51.178628-05:00
nassets: 0
tests: []
untested: []
versions:
  hdmf: 3.5.1
  matnwb: v2.6.0.0
  pynwb: 2.2.0
