dandiset_version: 54bf83fc1a1823e3725b4f48215f785c4b91218f
last_run: 2023-02-12 20:05:01.089080-05:00
last_run_duration: 0.015163
last_run_ended: 2023-02-12 20:05:01.104243-05:00
nassets: 0
tests: []
untested: []
versions:
  hdmf: 3.5.1
  matnwb: v2.6.0.0
  pynwb: 2.2.0
