dandiset_version: 8af9f3e2240503aedafedc037e2885f42b84d963
last_run: 2023-02-13 21:04:01.661567-05:00
last_run_duration: 0.020769
last_run_ended: 2023-02-13 21:04:01.682336-05:00
nassets: 0
tests: []
untested: []
versions:
  hdmf: 3.5.1
  matnwb: v2.6.0.0
  pynwb: 2.2.0
