dandiset_version: 0487bfc4f1eada13b5bc7d9844aa0ec75d69e50d
last_run: 2023-02-12 18:25:43.423531-05:00
last_run_duration: 0.003929
last_run_ended: 2023-02-12 18:25:43.427460-05:00
nassets: 0
tests: []
untested: []
versions:
  hdmf: 3.5.1
  matnwb: v2.6.0.0
  pynwb: 2.2.0
