dandiset_version: 877200c607649fbd59406bed1614841f30c7c942
last_run: 2023-02-12 04:33:39.948316-05:00
last_run_duration: 0.017314
last_run_ended: 2023-02-12 04:33:39.965630-05:00
nassets: 0
tests: []
untested: []
versions:
  hdmf: 3.5.1
  matnwb: v2.6.0.0
  pynwb: 2.2.0
