dandiset_version: 3da7bfed4f8e26b761d29a7b9a6e3a233e5147a3
last_run: 2023-02-12 16:43:51.185047-05:00
last_run_duration: 0.002414
last_run_ended: 2023-02-12 16:43:51.187461-05:00
nassets: 0
tests: []
untested: []
versions:
  hdmf: 3.5.1
  matnwb: v2.6.0.0
  pynwb: 2.2.0
