dandiset_version: 4ada7afde7a6a3926e5e759fa170a452e7525465
last_run: 2023-02-14 19:15:12.011157-05:00
last_run_duration: 0.025608
last_run_ended: 2023-02-14 19:15:12.036765-05:00
nassets: 0
tests: []
untested: []
versions:
  hdmf: 3.5.1
  matnwb: v2.6.0.0
  pynwb: 2.2.0
