dandiset_version: 5e7d455b5adf0816c8593ce4fd23727bc82b44c3
last_run: 2023-02-12 19:12:16.631691-05:00
last_run_duration: 0.013485
last_run_ended: 2023-02-12 19:12:16.645176-05:00
nassets: 0
tests: []
untested: []
versions:
  hdmf: 3.5.1
  matnwb: v2.6.0.0
  pynwb: 2.2.0
