dandiset_version: 48b55aaffc2477a44613d222938994946f37a878
last_run: 2023-02-12 04:33:39.967904-05:00
last_run_duration: 0.003497
last_run_ended: 2023-02-12 04:33:39.971401-05:00
nassets: 0
tests: []
untested: []
versions:
  hdmf: 3.5.1
  matnwb: v2.6.0.0
  pynwb: 2.2.0
