dandiset_version: 78fd59bf39a95b1e73a78855d3c3af1fc4631ffb
last_run: 2023-02-14 19:15:12.054878-05:00
last_run_duration: 0.018925
last_run_ended: 2023-02-14 19:15:12.073803-05:00
nassets: 0
tests: []
untested: []
versions:
  hdmf: 3.5.1
  matnwb: v2.6.0.0
  pynwb: 2.2.0
