dandiset_version: 4d091f15daed116f368eece00b7e10de68065777
last_run: 2023-02-20 01:38:44.023331-05:00
last_run_duration: 0.018696
last_run_ended: 2023-02-20 01:38:44.042027-05:00
nassets: 0
tests: []
untested: []
versions:
  hdmf: 3.5.1
  matnwb: v2.6.0.0
  pynwb: 2.2.0
