dandiset_version: 96e0f09c3f62c65cd41a64002885738c74030cd1
last_run: 2023-02-12 18:25:43.472060-05:00
last_run_duration: 0.023844
last_run_ended: 2023-02-12 18:25:43.495904-05:00
nassets: 0
tests: []
untested: []
versions:
  hdmf: 3.5.1
  matnwb: v2.6.0.0
  pynwb: 2.2.0
