dandiset_version: 0fe35b51ebb0edfc8b2a0700147707cda21e3986
last_run: 2023-02-13 21:04:01.541823-05:00
last_run_duration: 0.016738
last_run_ended: 2023-02-13 21:04:01.558561-05:00
nassets: 0
tests: []
untested: []
versions:
  hdmf: 3.5.1
  matnwb: v2.6.0.0
  pynwb: 2.2.0
