dandiset_version: 450e15fb88eee3a02314720fca7d1efa13de65a4
last_run: 2023-03-02 09:15:15.788188-05:00
last_run_duration: 0.028286
last_run_ended: 2023-03-02 09:15:15.816474-05:00
nassets: 0
tests: []
untested: []
versions:
  hdmf: 3.5.1
  matnwb: v2.6.0.0
  pynwb: 2.2.0
