dandiset_version: 19cdfe01a0433a1fccd4ea39638199f636516f12
last_run: 2023-02-12 20:05:01.084523-05:00
last_run_duration: 0.002582
last_run_ended: 2023-02-12 20:05:01.087105-05:00
nassets: 0
tests: []
untested: []
versions:
  hdmf: 3.5.1
  matnwb: v2.6.0.0
  pynwb: 2.2.0
