dandiset_version: 50dd7f62791d75fb1ea6dfb26cd5eb80855b3dc7
last_run: 2023-02-06 23:55:04.368428-05:00
last_run_duration: 0.048187
last_run_ended: 2023-02-06 23:55:04.416615-05:00
nassets: 0
tests: []
untested: []
versions:
  hdmf: 3.5.1
  matnwb: v2.6.0.0
  pynwb: 2.2.0
