dandiset_version: 95dbf1224d7acd19bfa064db2313929e68e0dbf3
last_run: 2023-02-21 03:09:22.058813-05:00
last_run_duration: 0.077701
last_run_ended: 2023-02-21 03:09:22.136514-05:00
nassets: 0
tests: []
untested: []
versions:
  hdmf: 3.5.1
  matnwb: v2.6.0.0
  pynwb: 2.2.0
