dandiset_version: 91a33474b9412f0f74d6c7898df199cf73258522
last_run: 2023-02-13 21:04:01.451096-05:00
last_run_duration: 0.035205
last_run_ended: 2023-02-13 21:04:01.486301-05:00
nassets: 0
tests: []
untested: []
versions:
  hdmf: 3.5.1
  matnwb: v2.6.0.0
  pynwb: 2.2.0
