dandiset_version: 0689e016362d272c48704be6c4673cdc21f7126b
last_run: 2023-02-10 04:53:54.808018-05:00
last_run_duration: 0.019396
last_run_ended: 2023-02-10 04:53:54.827414-05:00
nassets: 0
tests: []
untested: []
versions:
  hdmf: 3.5.1
  matnwb: v2.6.0.0
  pynwb: 2.2.0
