dandiset_version: 9b34289baf1fbb50328b7baceb7d5fe21552c089
last_run: 2023-02-20 13:58:05.591344-05:00
last_run_duration: 0.022299
last_run_ended: 2023-02-20 13:58:05.613643-05:00
nassets: 0
tests: []
untested: []
versions:
  hdmf: 3.5.1
  matnwb: v2.6.0.0
  pynwb: 2.2.0
