dandiset_version: 49f71d5e02e92337c322ac62a24f17dda7ad2958
last_run: 2023-02-12 04:33:39.933913-05:00
last_run_duration: 0.012156
last_run_ended: 2023-02-12 04:33:39.946069-05:00
nassets: 0
tests: []
untested: []
versions:
  hdmf: 3.5.1
  matnwb: v2.6.0.0
  pynwb: 2.2.0
