dandiset_version: 17a4cdc54f29337048342157b206da77a461a669
last_run: 2023-02-26 16:27:31.774796-05:00
last_run_duration: 0.002435
last_run_ended: 2023-02-26 16:27:31.777231-05:00
nassets: 0
tests: []
untested: []
versions:
  hdmf: 3.5.1
  matnwb: v2.6.0.0
  pynwb: 2.2.0
