dandiset_version: 0d2775e26808a98f13397324a04d4d3016055e23
last_run: 2023-02-11 19:55:41.221480-05:00
last_run_duration: 0.013624
last_run_ended: 2023-02-11 19:55:41.235104-05:00
nassets: 0
tests: []
untested: []
versions:
  hdmf: 3.5.1
  matnwb: v2.6.0.0
  pynwb: 2.2.0
