dandiset_version: 9dd1c18bc7107db2890d00212112b14e5c117b34
last_run: 2023-02-12 18:25:43.498179-05:00
last_run_duration: 0.030514
last_run_ended: 2023-02-12 18:25:43.528693-05:00
nassets: 0
tests: []
untested: []
versions:
  hdmf: 3.5.1
  matnwb: v2.6.0.0
  pynwb: 2.2.0
