dandiset_version: 4b906c45f3c43d3c4759d794801db090e018d41e
last_run: 2023-02-16 20:55:21.336669-05:00
last_run_duration: 0.029983
last_run_ended: 2023-02-16 20:55:21.366652-05:00
nassets: 0
tests: []
untested: []
versions:
  hdmf: 3.5.1
  matnwb: v2.6.0.0
  pynwb: 2.2.0
