dandiset_version: 28b2a624cdcc082917948ae46bc78a85a1221ec6
last_run: 2023-03-01 13:12:43.412545-05:00
last_run_duration: 0.033047
last_run_ended: 2023-03-01 13:12:43.445592-05:00
nassets: 0
tests: []
untested: []
versions:
  hdmf: 3.5.1
  matnwb: v2.6.0.0
  pynwb: 2.2.0
