dandiset_version: 12fbdb30fad86938ea1b2962e44cd894dedf53ce
last_run: 2023-02-25 06:10:29.192224-05:00
last_run_duration: 0.073274
last_run_ended: 2023-02-25 06:10:29.265498-05:00
nassets: 0
tests: []
untested: []
versions:
  hdmf: 3.5.1
  matnwb: v2.6.0.0
  pynwb: 2.2.0
