dandiset_version: 4698b36fc0fca2d7d30545d05a51caab47925a9c
last_run: 2023-03-05 02:50:38.270005-05:00
last_run_duration: 0.007441
last_run_ended: 2023-03-05 02:50:38.277446-05:00
nassets: 0
tests: []
untested: []
versions:
  hdmf: 3.5.1
  matnwb: v2.6.0.0
  pynwb: 2.2.0
